00001111000111110001111100011111000111110111111111111111011111110001111100011111000111110001111100001111
00000100000000010001001100000011000001111011001100001111001011110000001100101111010010010000010000000011
100001111110000
000011111100001
001110010111100101111010011011101110110011111010111110101110110001101110011110100111100100111001
001110000111101001111111011011011110110011111010111110101110110001101101011111110111101000111000
000000000000111000011000101111100110110100111101001111000011110101101101101111100001100000001110
000000000111100000011101101111100110110000111100001111000011110001101100101111100001110101111000
000000000000000000011010001111010110100011111100111111000110100000111101000110100000000000000000
000000000000000000011001001110100110110111111010111110100110110100111010000110010000000000000000
0000100000110000111100110111011111011111001110100111111011111101110100111110001111100110111001111000011000000100
0001000100100101000100010100100000101000100000000010001010000010010100010001010010010001000
00000011000001110000111000001100000011000111111011111111011111100000110000001100000011100000011100000011
00000100001101100001111000001100000011000001111011111111000111100000110000001100000111100011011000000100
00000110000011100001111000011110000011110111111111111110011111110000111100011110000111100000111000000110
000111110001000000010000001111001010011101111100011111001010011100111100000100000001000000011111
111110000000100000001000001111001010011101111100011111001010011100111100000010000000100011111000
110011001011110011011101000111100001110000011010000110100001110000011110110111011011110011001100
110011001011110011011100000111100001110100011010000110100001110100011110110111001011110011001100
1000000010010000101110001111001110101111001101110011110001111001101110011110000111010001111001011101001001000000
0000000000010101101111001111001110001111001101110011111101111111101110011110000111001001111011011100001010000000